3.396253699999999753e+02
3.400075422026321803e+02
3.403896677464537106e+02
3.407717466253519092e+02
3.411537788332139485e+02
3.415357643639272851e+02
3.419177032113792620e+02
3.422995953694569948e+02
3.426814408320479970e+02
3.430632395930394978e+02
3.434449916463188401e+02
3.438266969857731965e+02
3.442083556052900235e+02
3.445899674987566641e+02
3.449715326600602907e+02
3.453530510830884168e+02
3.457345227617282148e+02
3.461159476898669141e+02
3.464973258613919711e+02
3.468786572701906721e+02
3.472599419101504168e+02
3.476411797751583208e+02
3.480223708591017839e+02
3.484035151558681491e+02
3.487846126593446456e+02
3.491656633634186733e+02
3.495466672619776318e+02
3.499276243489086369e+02
3.503085346180990882e+02
3.506893980634362720e+02
3.510702146788075879e+02
3.514509844581002085e+02
3.518317073952016472e+02
3.522123834839989627e+02
3.525930127183796685e+02
3.529735950922309939e+02
3.533541305994402819e+02
3.537346192338948754e+02
3.541150609894820036e+02
3.544954558600889527e+02
3.548758038396031793e+02
3.552561049219118559e+02
3.556363591009023821e+02
3.560165663704621011e+02
3.563967267244782420e+02
3.567768401568380909e+02
3.571569066614291046e+02
3.575369262321384554e+02
3.579168988628534862e+02
3.582968245474615969e+02
3.586767032798500168e+02
3.590565350539060319e+02
3.594363198635169852e+02
3.598160577025702196e+02
3.601957485649531350e+02
3.605753924445527900e+02
3.609549893352567551e+02
3.613345392309522026e+02
3.617140421255264187e+02
3.620934980128668599e+02
3.624729068868608124e+02
3.628522687413953918e+02
3.632315835703581683e+02
3.636108513676362577e+02
3.639900721271170596e+02
3.643692458426879170e+02
3.647483725082361161e+02
3.651274521176488861e+02
3.655064846648136836e+02
3.658854701436177379e+02
3.662644085479483920e+02
3.666432998716929319e+02
3.670221441087387007e+02
3.674009412529729275e+02
3.677796912982830122e+02
3.681583942385562409e+02
3.685370500676798997e+02
3.689156587795414453e+02
3.692942203680279363e+02
3.696727348270268863e+02
3.700512021504255813e+02
3.704296223321112507e+02
3.708079953659712373e+02
3.711863212458929411e+02
3.715645999657636480e+02
3.719428315194705306e+02
3.723210159009010454e+02
3.726991531039424217e+02
3.730772431224820593e+02
3.734552859504071876e+02
3.738332815816052062e+02
3.742112300099632876e+02
3.745891312293688884e+02
3.749669852337092379e+02
3.753447920168717928e+02
3.757225515727436687e+02
3.761002638952122084e+02
3.764779289781648117e+02
3.768555468154887649e+02
3.772331174010714108e+02
3.776106407287999787e+02
3.779881167925618684e+02
3.783655455862443091e+02
3.787429271037346439e+02
3.791202613389202156e+02
3.794975482856883104e+02
3.798747879379263281e+02
3.802519802895213843e+02
3.806291253343609355e+02
3.810062230663322680e+02
3.813832734793228383e+02
3.817602765672197052e+02
3.821372323239102684e+02
3.825141407432818141e+02
3.828910018192217990e+02
3.832678155456174522e+02
3.836445819163560031e+02
3.840213009253249652e+02
3.843979725664113971e+02
3.847745968335027555e+02
3.851511737204863266e+02
3.855277032212495101e+02
3.859041853296795352e+02
3.862806200396636882e+02
3.866570073450893119e+02
3.870333472398437493e+02
3.874096397178142297e+02
3.877858847728881528e+02
3.881620823989528617e+02
3.885382325898955287e+02
3.889143353396036105e+02
3.892903906419642794e+02
3.896663984908649354e+02
3.900423588801929782e+02
3.904182718038355802e+02
3.907941372556800275e+02
3.911699552296137199e+02
3.915457257195240004e+02
3.919214487192980982e+02
3.922971242228234701e+02
3.926727522239871746e+02
3.930483327166767822e+02
3.934238656947794084e+02
3.937993511521824530e+02
3.941747890827733158e+02
3.945501794804391693e+02
3.949255223390672995e+02
3.953008176525451631e+02
3.956760654147601031e+02
3.960512656195991781e+02
3.964264182609499585e+02
3.968015233326996736e+02
3.971765808287356094e+02
3.975515907429449953e+02
3.979265530692153447e+02
3.983014678014338301e+02
3.986763349334878512e+02
3.990511544592645805e+02
3.994259263726514746e+02
3.998006506675357628e+02
4.001753273378047879e+02
4.005499563773458362e+02
4.009245377800463075e+02
4.012990715397934309e+02
4.016735576504744927e+02
4.020479961059768925e+02
4.024223869001879166e+02
4.027967300269949078e+02
4.031710254802850386e+02
4.035452732539457656e+02
4.039194733418643750e+02
4.042936257379281528e+02
4.046677304360243852e+02
4.050417874300404151e+02
4.054157967138636423e+02
4.057897582813812392e+02
4.061636721264805487e+02
4.065375382430489140e+02
4.069113566249737346e+02
4.072851272661421831e+02
4.076588501604416024e+02
4.080325253017592786e+02
4.084061526839826683e+02
4.087797323009988872e+02
4.091532641466953919e+02
4.095267482149595253e+02
4.099001844996784598e+02
4.102735729947395384e+02
4.106469136940302178e+02
4.110202065914376703e+02
4.113934516808491821e+02
4.117666489561521530e+02
4.121397984112338690e+02
4.125129000399816164e+02
4.128859538362827379e+02
4.132589597940245767e+02
4.136319179070944756e+02
4.140048281693796071e+02
4.143776905747673709e+02
4.147505051171450532e+02
4.151232717903999401e+02
4.154959905884195450e+02
4.158686615050908699e+02
4.162412845343014283e+02
4.166138596699384493e+02
4.169863869058892760e+02
4.173588662360413082e+02
4.177312976542817182e+02
4.181036811544979628e+02
4.184760167305771574e+02
4.188483043764068157e+02
4.192205440858740531e+02
4.195927358528663831e+02
4.199648796712710350e+02
4.203369755349752381e+02
4.207090234378663922e+02
4.210810233738318402e+02
4.214529753367588114e+02
4.218248793205347056e+02
4.221967353190468657e+02
4.225685433261823505e+02
4.229403033358287871e+02
4.233120153418732343e+02
4.236836793382032624e+02
4.240552953187059302e+02
4.244268632772687511e+02
4.247983832077788975e+02
4.251698551041237693e+02
4.255412789601905956e+02
4.259126547698667196e+02
4.262839825270395977e+02
4.266552622255963456e+02
4.270264938594243631e+02
4.273976774224109363e+02
4.277688129084433513e+02
4.281399003114090647e+02
4.285109396251951921e+02
4.288819308436891902e+02
4.292528739607782882e+02
4.296237689703498859e+02
4.299946158662911557e+02
4.303654146424894975e+02
4.307361652928323679e+02
4.311068678112068255e+02
4.314775221915002703e+02
4.318481284276001020e+02
4.322186865133936067e+02
4.325891964427679568e+02
4.329596582096106658e+02
4.333300718078088494e+02
4.337004372312499640e+02
4.340707544738212960e+02
4.344410235294101312e+02
4.348112443919037560e+02
4.351814170551895700e+02
4.355515415131548025e+02
4.359216177596868533e+02
4.362916457886729518e+02
4.366616255940004407e+02
4.370315571695566064e+02
4.374014405092287916e+02
4.377712756069042825e+02
4.381410624564704221e+02
4.385108010518145534e+02
4.388804913868239623e+02
4.392501334553859351e+02
4.396197272513878147e+02
4.399892727687168303e+02
4.403587700012603818e+02
4.407282189429058690e+02
4.410976195875404073e+02
4.414669719290513967e+02
4.418362759613261233e+02
4.422055316782519867e+02
4.425747390737162164e+02
4.429438981416062120e+02
4.433130088758092029e+02
4.436820712702125320e+02
4.440510853187034854e+02
4.444200510151694061e+02
4.447889683534976371e+02
4.451578373275753506e+02
4.455266579312900035e+02
4.458954301585288817e+02
4.462641540031793284e+02
4.466328294591285157e+02
4.470014565202638437e+02
4.473700351804727688e+02
4.477385654336423499e+02
4.481070472736600436e+02
4.484754806944131360e+02
4.488438656897890269e+02
4.492122022536748887e+02
4.495804903799580075e+02
4.499487300625258399e+02
4.503169212952656153e+02
4.506850640720646197e+02
4.510531583868103098e+02
4.514212042333899717e+02
4.517892016056907210e+02
4.521571504975999574e+02
4.525250509030051376e+02
4.528929028157934340e+02
4.532607062298521896e+02
4.536284611390687473e+02
4.539961675373303365e+02
4.543638254185243568e+02
4.547314347765380944e+02
4.550989956052588354e+02
4.554665078985739797e+02
4.558339716503708132e+02
4.562013868545365085e+02
4.565687535049585790e+02
4.569360715955241403e+02
4.573033411201207059e+02
4.576705620726354482e+02
4.580377344469557102e+02
4.584048582369688347e+02
4.587719334365621080e+02
4.591389600396228161e+02
4.595059380400383020e+02
4.598728674316960223e+02
4.602397482084830358e+02
4.606065803642867991e+02
4.609733638929945982e+02
4.613400987884937763e+02
4.617067850446715624e+02
4.620734226554152997e+02
4.624400116146123310e+02
4.628065519161499992e+02
4.631730435539155337e+02
4.635394865217963343e+02
4.639058808136796870e+02
4.642722264234528780e+02
4.646385233450032501e+02
4.650047715722180328e+02
4.653709710989846258e+02
4.657371219191903151e+02
4.661032240267224438e+02
4.664692774154682979e+02
4.668352820793151636e+02
4.672012380121504407e+02
4.675671452078613015e+02
4.679330036603351459e+02
4.682988133634593737e+02
4.686645743111211004e+02
4.690302864972078396e+02
4.693959499156067636e+02
4.697615645602052155e+02
4.701271304248904812e+02
4.704926475035499607e+02
4.708581157900708831e+02
4.712235352783407052e+02
4.715889059622465425e+02
4.719542278356757947e+02
4.723195008925157481e+02
4.726847251266538592e+02
4.730499005319773005e+02
4.734150271023733580e+02
4.737801048317294317e+02
4.741451337139328075e+02
4.745101137428707148e+02
4.748750449124306101e+02
4.752399272164997228e+02
4.756047606489653958e+02
4.759695452037148584e+02
4.763342808746355672e+02
4.766989676556148083e+02
4.770636055405398110e+02
4.774281945232978615e+02
4.777927345977764162e+02
4.781572257578626477e+02
4.785216679974439558e+02
4.788860613104076265e+02
4.792504056906408891e+02
4.796147011320312572e+02
4.799789476284658463e+02
4.803431451738320561e+02
4.807072937620172297e+02
4.810713933869085963e+02
4.814354440423935557e+02
4.817994457223594509e+02
4.821633984206934542e+02
4.825273021312829087e+02
4.828911568480151573e+02
4.832549625647775429e+02
4.836187192754573516e+02
4.839824269739418696e+02
4.843460856541184967e+02
4.847096953098745189e+02
4.850732559350971655e+02
4.854367675236738364e+02
4.858002300694918176e+02
4.861636435664383953e+02
4.865270080084009123e+02
4.868903233892666549e+02
4.872535897029229091e+02
4.876168069432571315e+02
4.879799751041564377e+02
4.883430941795082845e+02
4.887061641631999578e+02
4.890691850491187438e+02
4.894321568311519286e+02
4.897950795031869120e+02
4.901579530591109801e+02
4.905207774928113622e+02
4.908835527981754012e+02
4.912462789690904970e+02
4.916089559994438787e+02
4.919715838831228325e+02
4.923341626140147582e+02
4.926966921860069419e+02
4.930591725929867266e+02
4.934216038288413415e+02
4.937839858874580727e+02
4.941463187627244338e+02
4.945086024485275971e+02
4.948708369387547918e+02
4.952330222272934748e+02
4.955951583080308751e+02
4.959572451748543358e+02
4.963192828216511998e+02
4.966812712423087532e+02
4.970432104307143959e+02
4.974051003807551865e+02
4.977669410863186954e+02
4.981287325412922087e+02
4.984904747395628988e+02
4.988521676750181655e+02
4.992138113415452381e+02
4.995754057330315732e+02
4.999369508433644000e+02
5.002984466664310617e+02
5.006598931961188441e+02
5.010212904263149767e+02
5.013826383509070297e+02
5.017439369637820619e+02
5.021051862588274730e+02
5.024663862299306061e+02
5.028275368709788040e+02
5.031886381758591824e+02
5.035496901384593116e+02
5.039106927526662503e+02
5.042716460123675688e+02
5.046325499114503828e+02
5.049934044438020919e+02
5.053542096033100961e+02
5.057149653838614540e+02
5.060756717793437360e+02
5.064363287836441714e+02
5.067969363906499893e+02
5.071574945942485897e+02
5.075180033883272586e+02
5.078784627667733389e+02
5.082388727234740600e+02
5.085992332523168216e+02
5.089595443471889098e+02
5.093198060019776108e+02
5.096800182105702675e+02
5.100401809668542228e+02
5.104002942647168197e+02
5.107603580980452307e+02
5.111203724607267986e+02
5.114803373466489234e+02
5.118402527496988341e+02
5.122001186637638739e+02
5.125599350827313856e+02
5.129197020004887690e+02
5.132794194109230830e+02
5.136390873079219546e+02
5.139987056853724425e+02
5.143582745371618330e+02
5.147177938571776394e+02
5.150772636393071480e+02
5.154366838774375310e+02
5.157960545654563020e+02
5.161553756972504061e+02
5.165146472667075841e+02
5.168738692677150084e+02
5.172330416941598514e+02
5.175921645399296267e+02
5.179512377989112792e+02
5.183102614649926636e+02
5.186692355320608385e+02
5.190281599940030901e+02
5.193870348447065908e+02
5.197458600780588540e+02
5.201046356879471659e+02
5.204633616682586990e+02
5.208220380128809666e+02
5.211806647157011412e+02
5.215392417706067363e+02
5.218977691714848106e+02
5.222562469122227640e+02
5.226146749867079961e+02
5.229730533888275659e+02
5.233313821124692140e+02
5.236896611515198856e+02
5.240478904998669805e+02
5.244060701513980121e+02
5.247642000999999254e+02
5.251222803395603478e+02
5.254803108639664515e+02
5.258382916671056364e+02
5.261962227428650749e+02
5.265541040851323942e+02
5.269119356877945393e+02
5.272697175447387963e+02
5.276274496498527924e+02
5.279851319970237000e+02
5.283427645801388053e+02
5.287003473930853943e+02
5.290578804297508668e+02
5.294153636840225090e+02
5.297727971497876069e+02
5.301301808209334467e+02
5.304875146913474282e+02
5.308447987549167237e+02
5.312020330055288468e+02
5.315592174370709699e+02
5.319163520434303791e+02
5.322734368184944742e+02
5.326304717561505413e+02
5.329874568502858665e+02
5.333443920947878496e+02
5.337012774835436630e+02
5.340581130104408203e+02
5.344148986693662664e+02
5.347716344542079696e+02
5.351283203588525339e+02
5.354849563771875864e+02
5.358415425031004133e+02
5.361980787304784144e+02
5.365545650532087620e+02
5.369110014651788561e+02
5.372673879602759826e+02
5.376237245323875413e+02
5.379800111754007048e+02
5.383362478832027591e+02
5.386924346496812177e+02
5.390485714687231393e+02
5.394046583342160375e+02
5.397606952400471982e+02
5.401166821801039077e+02
5.404726191482733384e+02
5.408285061384431174e+02
5.411843431445001897e+02
5.415401301603321826e+02
5.418958671798262685e+02
5.422515541968697335e+02
5.426071912053498636e+02
5.429627781991542861e+02
5.433183151721698323e+02
5.436738021182841294e+02
5.440292390313843498e+02
5.443846259053578933e+02
5.447399627340920460e+02
5.450952495114739804e+02
5.454504862313912099e+02
5.458056728877311343e+02
5.461608094743809261e+02
5.465158959852276439e+02
5.468709324141590287e+02
5.472259187550621391e+02
5.475808550018242613e+02
5.479357411483329088e+02
5.482905771884752539e+02
5.486453631161386966e+02
5.490000989252105228e+02
5.493547846095779050e+02
5.497094201631282431e+02
5.500640055797490504e+02
5.504185408533272721e+02
5.507730259777506490e+02
5.511274609469062398e+02
5.514818457546812169e+02
5.518361803949630939e+02
5.521904648616391569e+02
5.525446991485966919e+02
5.528988832497230987e+02
5.532530171589055499e+02
5.536071008700314451e+02
5.539611343769881842e+02
5.543151176736628258e+02
5.546690507539428836e+02
5.550229336117156436e+02
5.553767662408682781e+02
5.557305486352881871e+02
5.560842807888628840e+02
5.564379626954794276e+02
5.567915943490252175e+02
5.571451757433875400e+02
5.574987068724536812e+02
5.578521877301110408e+02
5.582056183102469049e+02
5.585589986067485597e+02
5.589123286135034050e+02
5.592656083243986131e+02
5.596188377333215840e+02
5.599720168341596036e+02
5.603251456207999581e+02
5.606782240871299337e+02
5.610312522270370437e+02
5.613842300344083469e+02
5.617371575031314705e+02
5.620900346270933596e+02
5.624428614001815276e+02
5.627956378162831470e+02
5.631483638692857312e+02
5.635010395530765663e+02
5.638536648615428248e+02
5.642062397885719065e+02
5.645587643280509837e+02
5.649112384738676838e+02
5.652636622199089516e+02
5.656160355600624143e+02
5.659683584882151308e+02
5.663206309982546145e+02
5.666728530840680378e+02
5.670250247395430279e+02
5.673771459585663024e+02
5.677292167350257159e+02
5.680812370628083272e+02
5.684332069358015360e+02
5.687851263478925148e+02
5.691369952929686633e+02
5.694888137649173814e+02
5.698405817576260688e+02
5.701922992649816706e+02
5.705439662808718140e+02
5.708955827991835577e+02
5.712471488138045288e+02
5.715986643186217862e+02
5.719501293075227295e+02
5.723015437743947587e+02
5.726529077131250460e+02
5.730042211176008777e+02
5.733554839817097672e+02
5.737066962993388870e+02
5.740578580643756368e+02
5.744089692707071890e+02
5.747600299122209435e+02
5.751110399828041864e+02
5.754619994763442037e+02
5.758129083867285090e+02
5.761637667078441609e+02
5.765145744335785594e+02
5.768653315578189904e+02
5.772160380744527401e+02
5.775666939773673221e+02
5.779172992604501360e+02
5.782678539175878996e+02
5.786183579426683536e+02
5.789688113295788980e+02
5.793192140722065915e+02
5.796695661644388338e+02
5.800198676001630247e+02
5.803701183732663367e+02
5.807203184776362832e+02
5.810704679071599230e+02
5.814205666557247696e+02
5.817706147172181090e+02
5.821206120855270001e+02
5.824705587545391836e+02
5.828204547181417183e+02
5.831702999702220040e+02
5.835200945046672132e+02
5.838698383153646319e+02
5.842195313962017735e+02
5.845691737410659243e+02
5.849187653438443704e+02
5.852683061984243977e+02
5.856177962986932926e+02
5.859672356385382272e+02
5.863166242118469427e+02
5.866659620125062702e+02
5.870152490344038370e+02
5.873644852714268154e+02
5.877136707174626054e+02
5.880628053663983792e+02
5.884118892121215367e+02
5.887609222485194778e+02
5.891099044694793747e+02
5.894588358688886274e+02
5.898077164406346355e+02
5.901565461786045717e+02
5.905053250766856081e+02
5.908540531287652584e+02
5.912027303287310360e+02
5.915513566704698860e+02
5.918999321478692082e+02
5.922484567548162886e+02
5.925969304851986408e+02
5.929453533329034371e+02
5.932937252918180775e+02
5.936420463558296206e+02
5.939903165188256935e+02
5.943385357746934687e+02
5.946867041173202324e+02
5.950348215405932706e+02
5.953828880383999831e+02
5.957309036046276560e+02
5.960788682331636892e+02
5.964267819178951413e+02
5.967746446527096396e+02
5.971224564314942427e+02
5.974702172481364641e+02
5.978179270965234764e+02
5.981655859705426792e+02
5.985131938640813587e+02
5.988607507710268010e+02
5.992082566852662922e+02
5.995557116006872320e+02
5.999031155111767930e+02
6.002504684106224886e+02
6.005977702929113775e+02
6.009450211519312006e+02
6.012922209815686756e+02
6.016393697757116570e+02
6.019864675282470898e+02
6.023335142330623739e+02
6.026805098840450228e+02
6.030274544750820951e+02
6.033743480000611044e+02
6.037211904528692230e+02
6.040679818273937371e+02
6.044147221175220466e+02
6.047614113171414374e+02
6.051080494201394231e+02
6.054546364204029487e+02
6.058011723118195277e+02
6.061476570882764463e+02
6.064940907436609905e+02
6.068404732718606738e+02
6.071868046667626686e+02
6.075330849222540337e+02
6.078793140322223962e+02
6.082254919905549286e+02
6.085716187911390307e+02
6.089176944278621022e+02
6.092637188946112019e+02
6.096096921852738433e+02
6.099556142937371988e+02
6.103014852138886681e+02
6.106473049396155375e+02
6.109930734648050930e+02
6.113387907833447343e+02
6.116844568891217477e+02
6.120300717760234193e+02
6.123756354379370350e+02
6.127211478687498811e+02
6.130666090623494711e+02
6.134120190126228636e+02
6.137573777134575721e+02
6.141026851587406554e+02
6.144479413423597407e+02
6.147931462582021140e+02
6.151382999001547205e+02
6.154834022621051872e+02
6.158284533379408003e+02
6.161734531215488460e+02
6.165184016068166102e+02
6.168632987876313791e+02
6.172081446578804389e+02
6.175529392114511893e+02
6.178976824422310301e+02
6.182423743441070201e+02
6.185870149109666727e+02
6.189316041366972740e+02
6.192761420151859966e+02
6.196206285403204674e+02
6.199650637059875180e+02
6.203094475060750028e+02
6.206537799344698669e+02
6.209980609850593964e+02
6.213422906517312185e+02
6.216864689283723919e+02
6.220305958088702027e+02
6.223746712871122782e+02
6.227186953569855632e+02
6.230626680123775714e+02
6.234065892471754751e+02
6.237504590552667878e+02
6.240942774305386820e+02
6.244380443668785574e+02
6.247817598581735865e+02
6.251254238983111691e+02
6.254690364811785912e+02
6.258125976006631390e+02
6.261561072506523260e+02
6.264995654250332109e+02
6.268429721176931935e+02
6.271863273225196735e+02
6.275296310333998235e+02
6.278728832442210432e+02
6.282160839488705051e+02
6.285592331412358362e+02
6.289023308152040954e+02
6.292453769646626824e+02
6.295883715834988834e+02
6.299313146655998708e+02
6.302742062048533853e+02
6.306170461951462585e+02
6.309598346303658900e+02
6.313025715043999071e+02
6.316452568111353685e+02
6.319878905444595603e+02
6.323304726982598822e+02
6.326730032664237342e+02
6.330154822428382886e+02
6.333579096213908315e+02
6.337002853959687627e+02
6.340426095604593684e+02
6.343848821087499346e+02
6.347271030347279748e+02
6.350692723322804341e+02
6.354113899952948259e+02
6.357534560176585501e+02
6.360954703932588927e+02
6.364374331159830263e+02
6.367793441797183505e+02
6.371212035783521515e+02
6.374630113057717153e+02
6.378047673558645556e+02
6.381464717225177310e+02
6.384881243996186413e+02
6.388297253810546863e+02
6.391712746607131521e+02
6.395127722324812112e+02
6.398542180902462633e+02
6.401956122278957082e+02
6.405369546393167184e+02
6.408782453183964662e+02
6.412194842590228063e+02
6.415606714550824563e+02
6.419018069004630433e+02
6.422428905890517399e+02
6.425839225147360594e+02
6.429249026714032880e+02
6.432658310529404844e+02
6.436067076532351621e+02
6.439475324661746072e+02
6.442883054856461058e+02
6.446290267055369441e+02
6.449696961197345217e+02
6.453103137221260113e+02
6.456508795065990398e+02
6.459913934670405524e+02
6.463318555973380626e+02
6.466722658913787427e+02
6.470126243430499926e+02
6.473529309462390984e+02
6.476931856948335735e+02
6.480333885827203630e+02
6.483735396037870942e+02
6.487136387519208256e+02
6.490536860210090708e+02
6.493936814049391160e+02
6.497336248975981334e+02
6.500735164928736367e+02
6.504133561846526845e+02
6.507531439668229041e+02
6.510928798332713541e+02
6.514325637778854343e+02
6.517721957945525446e+02
6.521117758771598574e+02
6.524513040195947724e+02
6.527907802157445758e+02
6.531302044594965537e+02
6.534695767447381058e+02
6.538088970653562910e+02
6.541481654152388501e+02
6.544873817882726144e+02
6.548265461783453247e+02
6.551656585793440399e+02
6.555047189851562734e+02
6.558437273896690840e+02
6.561826837867699851e+02
6.565215881703460354e+02
6.568604405342848622e+02
6.571992408724736379e+02
6.575379891787996485e+02
6.578766854471501802e+02
6.582153296714126327e+02
6.585539218454742922e+02
6.588924619632224449e+02
6.592309500185444904e+02
6.595693860053277149e+02
6.599077699174592908e+02
6.602461017488266179e+02
6.605843814933170961e+02
6.609226091448178977e+02
6.612607846972166499e+02
6.615989081444001840e+02
6.619369794802561273e+02
6.622749986986716522e+02
6.626129657935340447e+02
6.629508807587310457e+02
6.632887435881493730e+02
6.636265542756765399e+02
6.639643128151999463e+02
6.643020192006069919e+02
6.646396734257848493e+02
6.649772754846208045e+02
6.653148253710022573e+02
6.656523230788163801e+02
6.659897686019505727e+02
6.663271619342922349e+02
6.666645030697285392e+02
6.670017920021469990e+02
6.673390287254346731e+02
6.676762132334791886e+02
6.680133455201674906e+02
6.683504255793869788e+02
6.686874534050253942e+02
6.690244289909694544e+02
6.693613523311066729e+02
6.696982234193245631e+02
6.700350422495102976e+02
6.703718088155510486e+02
6.707085231113344435e+02
6.710451851307475408e+02
6.713817948676776268e+02
6.717183523160121013e+02
6.720548574696384776e+02
6.723913103224438146e+02
6.727277108683153983e+02
6.730640591011406286e+02
6.734003550148069053e+02
6.737365986032015144e+02
6.740727898602116284e+02
6.744089287797245333e+02
6.747450153556277428e+02
6.750810495818085428e+02
6.754170314521542196e+02
6.757529609605519454e+02
6.760888381008891201e+02
6.764246628670533710e+02
6.767604352529314156e+02
6.770961552524109948e+02
6.774318228593791673e+02
6.777674380677234467e+02
6.781030008713311190e+02
6.784385112640893567e+02
6.787739692398856732e+02
6.791093747926072410e+02
6.794447279161412325e+02
6.797800286043752749e+02
6.801152768511965405e+02
6.804504726504923156e+02
6.807856159961499998e+02
6.811207068820567656e+02
6.814557453021000129e+02
6.817907312501671413e+02
6.821256647201452097e+02
6.824605457059218452e+02
6.827953742013839928e+02
6.831301502004193935e+02
6.834648736969149923e+02
6.837995446847585299e+02
6.841341631578368379e+02
6.844687291100374296e+02
6.848032425352474775e+02
6.851377034273547224e+02
6.854721117802459958e+02
6.858064675878090384e+02
6.861407708439306816e+02
6.864750215424985527e+02
6.868092196773999376e+02
6.871433652425221226e+02
6.874774582317525073e+02
6.878114986389780370e+02
6.881454864580865660e+02
6.884794216829650395e+02
6.888133043075007436e+02
6.891471343255813053e+02
6.894809117310936699e+02
6.898146365179253507e+02
6.901483086799637476e+02
6.904819282110959193e+02
6.908154951052094930e+02
6.911490093561915273e+02
6.914824709579295359e+02
6.918158799043106910e+02
6.921492361892221652e+02
6.924825398065515856e+02
6.928157907501858972e+02
6.931489890140128409e+02
6.934821345919195892e+02
6.938152274777932007e+02
6.941482676655211890e+02
6.944812551489909538e+02
6.948141899220895539e+02
6.951470719787045027e+02
6.954799013127230864e+02
6.958126779180325912e+02
6.961454017885204166e+02
6.964780729180736216e+02
6.968106913005798333e+02
6.971432569299261104e+02
6.974757697999998527e+02
6.978082299046885737e+02
6.981406372378793321e+02
6.984729917934594141e+02
6.988052935653163331e+02
6.991375425473373753e+02
6.994697387334095993e+02
6.998018821174206323e+02
7.001339726932576468e+02
7.004660104548078152e+02
7.007979953959587647e+02
7.011299275105976676e+02
7.014618067926116964e+02
7.017936332358883647e+02
7.021254068343148447e+02
7.024571275817784226e+02
7.027887954721666119e+02
7.031204104993664714e+02
7.034519726572656282e+02
7.037834819397511410e+02
7.041149383407104096e+02
7.044463418540306066e+02
7.047776924735992452e+02
7.051089901933036117e+02
7.054402350070311059e+02
7.057714269086686727e+02
7.061025658921039394e+02
7.064336519512243058e+02
7.067646850799167169e+02
7.070956652720687998e+02
7.074265925215676134e+02
7.077574668223006711e+02
7.080882881681552590e+02
7.084190565530186632e+02
7.087497719707781698e+02
7.090804344153210650e+02
7.094110438805347485e+02
7.097416003603065064e+02
7.100721038485236249e+02
7.104025543390733901e+02
7.107329518258432017e+02
7.110632963027203459e+02
7.113935877635919951e+02
7.117238262023456628e+02
7.120540116128685213e+02
7.123841439890480842e+02
7.127142233247715239e+02
7.130442496139260129e+02
7.133742228503990646e+02
7.137041430280779650e+02
7.140340101408500004e+02
7.143638241826023432e+02
7.146935851472226204e+02
7.150232930285978910e+02
7.153529478206155545e+02
7.156825495171627836e+02
7.160120981121272052e+02
7.163415935993958783e+02
7.166710359728560888e+02
7.170004252263953504e+02
7.173297613539008353e+02
7.176590443492598297e+02
7.179882742063597334e+02
7.183174509190879462e+02
7.186465744813314132e+02
7.189756448869779888e+02
7.193046621299145045e+02
7.196336262040284737e+02
7.199625371032071826e+02
7.202913948213380309e+02
7.206201993523083047e+02
7.209489506900051765e+02
7.212776488283161598e+02
7.216062937611284269e+02
7.219348854823294914e+02
7.222634239858061846e+02
7.225919092654463611e+02
7.229203413151369659e+02
7.232487201287656262e+02
7.235770457002194007e+02
7.239053180233855755e+02
7.242335370921516642e+02
7.245617029004049527e+02
7.248898154420326136e+02
7.252178747109220467e+02
7.255458807009605380e+02
7.258738334060354873e+02
7.262017328200339534e+02
7.265295789368436772e+02
7.268573717503516036e+02
7.271851112544451325e+02
7.275127974430116637e+02
7.278404303099384833e+02
7.281680098491127637e+02
7.284955360544220184e+02
7.288230089197536472e+02
7.291504284389945951e+02
7.294777946060323757e+02
7.298051074147543886e+02
7.301323668590478064e+02
7.304595729328000289e+02
7.307867256298983420e+02
7.311138249442299184e+02
7.314408708696822714e+02
7.317678634001426872e+02
7.320948025294984518e+02
7.324216882516367377e+02
7.327485205604450584e+02
7.330752994498105863e+02
7.334020249136207212e+02
7.337286969457627492e+02
7.340553155401239565e+02
7.343818806905917427e+02
7.347083923910533940e+02
7.350348506353960829e+02
7.353612554175073228e+02
7.356876067312743999e+02
7.360139045705843728e+02
7.363401489293249824e+02
7.366663398013831738e+02
7.369924771806463468e+02
7.373185610610019012e+02
7.376445914363371230e+02
7.379705683005391847e+02
7.382964916474958272e+02
7.386223614710938818e+02
7.389481777652207484e+02
7.392739405237638266e+02
7.395996497406104027e+02
7.399253054096479900e+02
7.402509075247635337e+02
7.405764560798446610e+02
7.409019510687785441e+02
7.412273924854525831e+02
7.415527803237538365e+02
7.418781145775699315e+02
7.422033952407880406e+02
7.425286223072955636e+02
7.428537957709796729e+02
7.431789156257276545e+02
7.435039818654272494e+02
7.438289944839651753e+02
7.441539534752290592e+02
7.444788588331060737e+02
7.448037105514836185e+02
7.451285086242490934e+02
7.454532530452897845e+02
7.457779438084928643e+02
7.461025809077457325e+02
7.464271643369356752e+02
7.467516940899500923e+02
7.470761701606760425e+02
7.474005925430012667e+02
7.477249612308127098e+02
7.480492762179977717e+02
7.483735374984437385e+02
7.486977450660381237e+02
7.490218989146682134e+02
7.493459990382209526e+02
7.496700454305840822e+02
7.499940380856446609e+02
7.503179769972902022e+02
7.506418621594077649e+02
7.509656935658850898e+02
7.512894712106088946e+02
7.516131950874669201e+02
7.519368651903463387e+02
7.522604815131344367e+02
7.525840440497186137e+02
7.529075527939862695e+02
7.532310077398243493e+02
7.535544088811205938e+02
7.538777562117619482e+02
7.542010497256360395e+02
7.545242894166300403e+02
7.548474752786312365e+02
7.551706073055269144e+02
7.554936854912045874e+02
7.558167098295513142e+02
7.561396803144544947e+02
7.564625969398015286e+02
7.567854596994797021e+02
7.571082685873761875e+02
7.574310235973784984e+02
7.577537247233738071e+02
7.580763719592495136e+02
7.583989652988929038e+02
7.587215047361911502e+02
7.590439902650317663e+02
7.593664218793020382e+02
7.596887995728891383e+02
7.600111233396806938e+02
7.603333931735635360e+02
7.606556090684252922e+02
7.609777710181532484e+02
7.612998790166345771e+02
7.616219330577569053e+02
7.619439331354071783e+02
7.622658792434730231e+02
7.625877713758414984e+02
7.629096095263998905e+02
7.632313936890359400e+02
7.635531238576364785e+02
7.638748000260890194e+02
7.641964221882808488e+02
7.645179903380992528e+02
7.648395044694316312e+02
7.651609645761652700e+02
7.654823706521875692e+02
7.658037226913855875e+02
7.661250206876467246e+02
7.664462646348583803e+02
7.667674545269079545e+02
7.670885903576825058e+02
7.674096721210697751e+02
7.677306998109565939e+02
7.680516734212303618e+02
7.683725929457785924e+02
7.686934583784883444e+02
7.690142697132472449e+02
7.693350269439423528e+02
7.696557300644610677e+02
7.699763790686909033e+02
7.702969739505188045e+02
7.706175147038323985e+02
7.709380013225187440e+02
7.712584338004653546e+02
7.715788121315592889e+02
7.718991363096881742e+02
7.722194063287391828e+02
7.725396221825994871e+02
7.728597838651567145e+02
7.731798913702980371e+02
7.734999446919105139e+02
7.738199438238817720e+02
7.741398887600990975e+02
7.744597794944495490e+02
7.747796160208208676e+02
7.750993983330998844e+02
7.754191264251743405e+02
7.757388002909312945e+02
7.760584199242580326e+02
7.763779853190419544e+02
7.766974964691704599e+02
7.770169533685307215e+02
7.773363560110101389e+02
7.776557043904959983e+02
7.779749985008754720e+02
7.782942383360361873e+02
7.786134238898652029e+02
7.789325551562499186e+02
7.792516321290776204e+02
7.795706548022357083e+02
7.798896231696113546e+02
7.802085372250919590e+02
7.805273969625649215e+02
7.808462023759171871e+02
7.811649534590364965e+02
7.814836502058100223e+02
7.818022926101250505e+02
7.821208806658688673e+02
7.824394143669287587e+02
7.827578937071921246e+02
7.830763186805462510e+02
7.833946892808784241e+02
7.837130055020759301e+02
7.840312673380261685e+02
7.843494747826164257e+02
7.846676278297339877e+02
7.849857264732662543e+02
7.853037707071002842e+02
7.856217605251237046e+02
7.859396959212236879e+02
7.862575768892876340e+02
7.865754034232026015e+02
7.868931755168562177e+02
7.872108931641356548e+02
7.875285563589280855e+02
7.878461650951210231e+02
7.881637193666018675e+02
7.884812191672575636e+02
7.887986644909756251e+02
7.891160553316436790e+02
7.894333916831485567e+02
7.897506735393777717e+02
7.900679008942186101e+02
7.903850737415583581e+02
7.907021920752844153e+02
7.910192558892839543e+02
7.913362651774444885e+02
7.916532199336531903e+02
7.919701201517973459e+02
7.922869658257643550e+02
7.926037569494416175e+02
7.929204935167161921e+02
7.932371755214755922e+02
7.935538029576069903e+02
7.938703758189978998e+02
7.941868940995354933e+02
7.945033577931070568e+02
7.948197668935999900e+02
7.951361213949014655e+02
7.954524212908989966e+02
7.957686665754797559e+02
7.960848572425311431e+02
7.964009932859404444e+02
7.967170746995948321e+02
7.970331014773817060e+02
7.973490736131885797e+02
7.976649911009025118e+02
7.979808539344107885e+02
7.982966621076009233e+02
7.986124156143602022e+02
7.989281144485757977e+02
7.992437586041351096e+02
7.995593480749254240e+02
7.998748828548341407e+02
8.001903629377484322e+02
8.005057883175556981e+02
8.008211589881432246e+02
8.011364749433982979e+02
8.014517361772083177e+02
8.017669426834606838e+02
8.020820944560424550e+02
8.023971914888410311e+02
8.027122337757436981e+02
8.030272213106378558e+02
8.033421540874109041e+02
8.036570320999500154e+02
8.039718553421424758e+02
8.042866238078756851e+02
8.046013374910367020e+02
8.049159963855133810e+02
8.052306004851924399e+02
8.055451497839616195e+02
8.058596442757079785e+02
8.061740839543190305e+02
8.064884688136818340e+02
8.068027988476840164e+02
8.071170740502126364e+02
8.074312944151552074e+02
8.077454599363989018e+02
8.080595706078308922e+02
8.083736264233389193e+02
8.086876273768098145e+02
8.090015734621310912e+02
8.093154646731902631e+02
8.096293010038743887e+02
8.099430824480707543e+02
8.102568089996668732e+02
8.105704806525500317e+02
8.108840974006072884e+02
8.111976592377261568e+02
8.115111661577941504e+02
8.118246181546982143e+02
8.121380152223258619e+02
8.124513573545642657e+02
8.127646445453009392e+02
8.130778767884229410e+02
8.133910540778178984e+02
8.137041764073727563e+02
8.140172437709750284e+02
8.143302561625122280e+02
8.146432135758713002e+02
8.149561160049398723e+02
8.152689634436048891e+02
8.155817558857540917e+02
8.158944933252744249e+02
8.162071757560534024e+02
8.165198031719783103e+02
8.168323755669363209e+02
8.171448929348150614e+02
8.174573552695014769e+02
8.177697625648830808e+02
8.180821148148472730e+02
8.183944120132812259e+02
8.187066541540722255e+02
8.190188412311076718e+02
8.193309732382748507e+02
8.196430501694610484e+02
8.199550720185536647e+02
8.202670387794397584e+02
8.205789504460069566e+02
8.208908070121424316e+02
8.212026084717335834e+02
8.215143548186675844e+02
8.218260460468317206e+02
8.221376821501135055e+02
8.224492631224001116e+02
8.227607889575789386e+02
8.230722596495372727e+02
8.233836751921622863e+02
8.236950355793413792e+02
8.240063408049619511e+02
8.243175908629112882e+02
8.246287857470765630e+02
8.249399254513452888e+02
8.252510099696046382e+02
8.255620392957421245e+02
8.258730134236448066e+02
8.261839323471999705e+02
8.264947960602952435e+02
8.268056045568175705e+02
8.271163578306544650e+02
8.274270558756933269e+02
8.277376986858213286e+02
8.280482862549257561e+02
8.283588185768940093e+02
8.286692956456134880e+02
8.289797174549712508e+02
8.292900839988548114e+02
8.296003952711513421e+02
8.299106512657483563e+02
8.302208519765329129e+02
8.305309973973925253e+02
8.308410875222144796e+02
8.311511223448859482e+02
8.314611018592944447e+02
8.317710260593270277e+02
8.320808949388712108e+02
8.323907084918142800e+02
8.327004667120436352e+02
8.330101695934464487e+02
8.333198171299098931e+02
8.336294093153217091e+02
8.339389461435687281e+02
8.342484276085385773e+02
8.345578537041184291e+02
8.348672244241956832e+02
8.351765397626576259e+02
8.354857997133915433e+02
8.357950042702847213e+02
8.361041534272247873e+02
8.364132471780984588e+02
8.367222855167934767e+02
8.370312684371971272e+02
8.373401959331964690e+02
8.376490679986791292e+02
8.379578846275322803e+02
8.382666458136430947e+02
8.385753515508991995e+02
8.388840018331875399e+02
8.391925966543957429e+02
8.395011360084112084e+02
8.398096198891208815e+02
8.401180482904121618e+02
8.404264212061724493e+02
8.407347386302890300e+02
8.410430005566493037e+02
8.413512069791404429e+02
8.416593578916499609e+02
8.419674532880649167e+02
8.422754931622728236e+02
8.425834775081608541e+02
8.428914063196165216e+02
8.431992795905268849e+02
8.435070973147793438e+02
8.438148594862611844e+02
8.441225660988599202e+02
8.444302171464626099e+02
8.447378126229567670e+02
8.450453525222295639e+02
8.453528368381682867e+02
8.456602655646604489e+02
8.459676386955932230e+02
8.462749562248538950e+02
8.465822181463298648e+02
8.468894244539084184e+02
8.471965751414767283e+02
8.475036702029223079e+02
8.478107096321323297e+02
8.481176934229943072e+02
8.484246215693951854e+02
8.487314940652227051e+02
8.490383109043639251e+02
8.493450720807061316e+02
8.496517775881368379e+02
8.499584274205433303e+02
8.502650215718125537e+02
8.505715600358323627e+02
8.508780428064895887e+02
8.511844698776718587e+02
8.514908412432663454e+02
8.517971568971603347e+02
8.521034168332413401e+02
8.524096210453964204e+02
8.527157695275130891e+02
8.530218622734786322e+02
8.533278992771803360e+02
8.536338805325053727e+02
8.539398060333412559e+02
8.542456757735750443e+02
8.545514897470943652e+02
8.548572479477863908e+02
8.551629503695382937e+02
8.554685970062375873e+02
8.557741878517715577e+02
8.560797229000273774e+02
8.563852021448925598e+02
8.566906255802542773e+02
8.569959932000000435e+02
8.573013049980169171e+02
8.576065609681921842e+02
8.579117611044132445e+02
8.582169054005676117e+02
8.585219938505423443e+02
8.588270264482248422e+02
8.591320031875025052e+02
8.594369240622623920e+02
8.597417890663920161e+02
8.600465981937787774e+02
8.603513514383098482e+02
8.606560487938725146e+02
8.609606902543540627e+02
8.612652758136418925e+02
8.615698054656234035e+02
8.618742792041857683e+02
8.621786970232162730e+02
8.624830589166023174e+02
8.627873648782313012e+02
8.630916149019902832e+02
8.633958089817667769e+02
8.636999471114481821e+02
8.640040292849215575e+02
8.643080554960743029e+02
8.646120257387938182e+02
8.649159400069672756e+02
8.652197982944820751e+02
8.655236005952253890e+02
8.658273469030849583e+02
8.661310372119475005e+02
8.664346715157008703e+02
8.667382498082318989e+02
8.670417720834283273e+02
8.673452383351774415e+02
8.676486485573660730e+02
8.679520027438818488e+02
8.682553008886122825e+02
8.685585429854444328e+02
8.688617290282655858e+02
8.691648590109631414e+02
8.694679329274244992e+02
8.697709507715368318e+02
8.700739125371874252e+02
8.703768182182637929e+02
8.706796678086532211e+02
8.709824613022426547e+02
8.712851986929198347e+02
8.715878799745719334e+02
8.718905051410861233e+02
8.721930741863499179e+02
8.724955871042506033e+02
8.727980438886753518e+02
8.731004445335116770e+02
8.734027890326467514e+02
8.737050773799677472e+02
8.740073095693624055e+02
8.743094855947176711e+02
8.746116054499208303e+02
8.749136691288595102e+02
8.752156766254207696e+02
8.755176279334920082e+02
8.758195230469605121e+02
8.761213619597135676e+02
8.764231446656385742e+02
8.767248711586228183e+02
8.770265414325536995e+02
8.773281554813182765e+02
8.776297132988040630e+02
8.779312148788984587e+02
8.782326602154884085e+02
8.785340493024615398e+02
8.788353821337050249e+02
8.791366587031062636e+02
8.794378790045526557e+02
8.797390430319312600e+02
8.800401507791294762e+02
8.803412022400348178e+02
8.806421974085343436e+02
8.809431362785155670e+02
8.812440188438656605e+02
8.815448450984719102e+02
8.818456150362217159e+02
8.821463286510023636e+02
8.824469859367011395e+02
8.827475868872054434e+02
8.830481314964026751e+02
8.833486197581797796e+02
8.836490516664243842e+02
8.839494272150236611e+02
8.842497463978652377e+02
8.845500092088359452e+02
8.848502156418234108e+02
8.851503656907146933e+02
8.854504593493974198e+02
8.857504966117586491e+02
8.860504774716857810e+02
8.863504019230662152e+02
8.866502699597872379e+02
8.869500815757360215e+02
8.872498367647998521e+02
8.875495355208664705e+02
8.878491778378228219e+02
8.881487637095560785e+02
8.884482931299538677e+02
8.887477660929033618e+02
8.890471825922918470e+02
8.893465426220068366e+02
8.896458461759352758e+02
8.899450932479649055e+02
8.902442838319826706e+02
8.905434179218761983e+02
8.908424955115325474e+02
8.911415165948392314e+02
8.914404811656834227e+02
8.917393892179524073e+02
8.920382407455336988e+02
8.923370357423143560e+02
8.926357742021817785e+02
8.929344561190233662e+02
8.932330814867264053e+02
8.935316502991780681e+02
8.938301625502659817e+02
8.941286182338769777e+02
8.944270173438990241e+02
8.947253598742188387e+02
8.950236458187239350e+02
8.953218751713015990e+02
8.956200479258392306e+02
8.959181640762241159e+02
8.962162236163435409e+02
8.965142265400849055e+02
8.968121728413353821e+02
8.971100625139822569e+02
8.974078955519130432e+02
8.977056719490150272e+02
8.980033916991753813e+02
8.983010547962815053e+02
8.985986612342205717e+02
8.988962110068800939e+02
8.991937041081472444e+02
8.994911405319093092e+02
8.997885202720538018e+02
9.000858433224677810e+02
9.003831096770388740e+02
9.006803193296540258e+02
9.009774722742008635e+02
9.012745685045665596e+02
9.015716080146385139e+02
9.018685907983037850e+02
9.021655168494500003e+02
9.024623861619642184e+02
9.027591987297339529e+02
9.030559545466463760e+02
9.033526536065888877e+02
9.036492959034487740e+02
9.039458814311133210e+02
9.042424101834698149e+02
9.045388821544058828e+02
9.048352973378083561e+02
9.051316557275648620e+02
9.054279573175624591e+02
9.057242021016887747e+02
9.060203900738307539e+02
9.063165212278761373e+02
9.066125955577118702e+02
9.069086130572254660e+02
9.072045737203042108e+02
9.075004775408353908e+02
9.077963245127064056e+02
9.080921146298044278e+02
9.083878478860168570e+02
9.086835242752308659e+02
9.089791437913338541e+02
9.092747064282132214e+02
9.095702121797562540e+02
9.098656610398502380e+02
9.101610530023823458e+02
9.104563880612400908e+02
9.107516662103106455e+02
9.110468874434815234e+02
9.113420517546400106e+02
9.116371591376731658e+02
9.119322095864683888e+02
9.122272030949130794e+02
9.125221396568945238e+02
9.128170192663001217e+02
9.131118419170169318e+02
9.134066076029325814e+02
9.137013163179342428e+02
9.139959680559090884e+02
9.142905628107447455e+02
9.145851005763283865e+02
9.148795813465470701e+02
9.151740051152884234e+02
9.154683718764396190e+02
9.157626816238880565e+02
9.160569343515209084e+02
9.163511300532256882e+02
9.166452687228896821e+02
9.169393503543999486e+02
9.172333749416440014e+02
9.175273424785091265e+02
9.178212529588829511e+02
9.181151063766520792e+02
9.184089027257043654e+02
9.187026419999269820e+02
9.189963241932072151e+02
9.192899492994323509e+02
9.195835173124896755e+02
9.198770282262667024e+02
9.201704820346507177e+02
9.204638787315287800e+02
9.207572183107882893e+02
9.210505007663168726e+02
9.213437260920014751e+02
9.216368942817294965e+02
9.219300053293883366e+02
9.222230592288651678e+02
9.225160559740475037e+02
9.228089955588224029e+02
9.231018779770773790e+02
9.233947032226996043e+02
9.236874712895765924e+02
9.239801821715955157e+02
9.242728358626436602e+02
9.245654323566085395e+02
9.248579716473770986e+02
9.251504537288370784e+02
9.254428785948754239e+02
9.257352462393796486e+02
9.260275566562370386e+02
9.263198098393347664e+02
9.266120057825602316e+02
9.269041444798009479e+02
9.271962259249439740e+02
9.274882501118767095e+02
9.277802170344865544e+02
9.280721266866606811e+02
9.283639790622864894e+02
9.286557741552512653e+02
9.289475119594421813e+02
9.292391924687467508e+02
9.295308156770522601e+02
9.298223815782458814e+02
9.301138901662150147e+02
9.304053414348471733e+02
9.306967353780293024e+02
9.309880719896489154e+02
9.312793512635935258e+02
9.315705731937500786e+02
9.318617377740058600e+02
9.321528449982486109e+02
9.324438948603652761e+02
9.327348873542431420e+02
9.330258224737697219e+02
9.333167002128324157e+02
9.336075205653182820e+02
9.338982835251147208e+02
9.341889890861091317e+02
9.344796372421888009e+02
9.347702279872410145e+02
9.350607613151528312e+02
9.353512372198119920e+02
9.356416556951055554e+02
9.359320167349209214e+02
9.362223203331453760e+02
9.365125664836662054e+02
9.368027551803708093e+02
9.370928864171464738e+02
9.373829601878802578e+02
9.376729764864600156e+02
9.379629353067726925e+02
9.382528366427054607e+02
9.385426804881458338e+02
9.388324668369813253e+02
9.391221956830988802e+02
9.394118670203858983e+02
9.397014808427298931e+02
9.399910371440180370e+02
9.402805359181375024e+02
9.405699771589758029e+02
9.408593608604203382e+02
9.411486870163583944e+02
9.414379556206769166e+02
9.417271666672635320e+02
9.420163201500055266e+02
9.423054160627901865e+02
9.425944543995047979e+02
9.428834351540366470e+02
9.431723583202731334e+02
9.434612238921015432e+02
9.437500318634092764e+02
9.440387822280833916e+02
9.443274749800114023e+02
9.446161101130805946e+02
9.449046876211782546e+02
9.451932074981916685e+02
9.454816697380081223e+02
9.457700743345151295e+02
9.460584212815998626e+02
9.463467105731494939e+02
9.466349422030516507e+02
9.469231161651933917e+02
9.472112324534621166e+02
9.474992910617453390e+02
9.477872919839300039e+02
9.480752352139035111e+02
9.483631207455532603e+02
9.486509485727666515e+02
9.489387186894307433e+02
9.492264310894330492e+02
9.495140857666609691e+02
9.498016827150015615e+02
9.500892219283422264e+02
9.503767034005703636e+02
9.506641271255732590e+02
9.509514930972383127e+02
9.512388013094526968e+02
9.515260517561035840e+02
9.518132444310784877e+02
9.521003793282646939e+02
9.523874564415494888e+02
9.526744757648202722e+02
9.529614372919643301e+02
9.532483410168688351e+02
9.535351869334213006e+02
9.538219750355087854e+02
9.541087053170188028e+02
9.543953777718386391e+02
9.546819923938555803e+02
9.549685491769570262e+02
9.552550481150301493e+02
9.555414892019622357e+02
9.558278724316407988e+02
9.561141977979530111e+02
9.564004652947861587e+02
9.566866749160277550e+02
9.569728266555648588e+02
9.572589205072848699e+02
9.575449564650751881e+02
9.578309345228228722e+02
9.581168546744155492e+02
9.584027169137405053e+02
9.586885212346849130e+02
9.589742676311359446e+02
9.592599560969813410e+02
9.595455866261080473e+02
9.598311592124034632e+02
9.601166738497548749e+02
9.604021305320500232e+02
9.606875292531756259e+02
9.609728700070191962e+02
9.612581527874679068e+02
9.615433775884093848e+02
9.618285444037308025e+02
9.621136532273194462e+02
9.623987040530626018e+02
9.626836968748476693e+02
9.629686316865619347e+02
9.632535084820926841e+02
9.635383272553273173e+02
9.638230880001531204e+02
9.641077907104572660e+02
9.643924353801271536e+02
9.646770220030500695e+02
9.649615505731132998e+02
9.652460210842043580e+02
9.655304335302103027e+02
9.658147879050185338e+02
9.660990842025164511e+02
9.663833224165913407e+02
9.666675025411303750e+02
9.669516245700209538e+02
9.672356884971505906e+02
9.675196943164062304e+02
9.678036420216755005e+02
9.680875316068454595e+02
9.683713630658036209e+02
9.686551363924371572e+02
9.689388515806334681e+02
9.692225086242799534e+02
9.695061075172637857e+02
9.697896482534722509e+02
9.700731308267926352e+02
9.703565552311124520e+02
9.706399214603188739e+02
9.709232295082991868e+02
9.712064793689407907e+02
9.714896710361309715e+02
9.717728045037571292e+02
9.720558797657063224e+02
9.723388968158660646e+02
9.726218556481235282e+02
9.729047562563663405e+02
9.731875986344814464e+02
9.734703827763565869e+02
9.737531086758785932e+02
9.740357763269348652e+02
9.743183857234129164e+02
9.746009368591999191e+02
9.748834297281833869e+02
9.751658643242503786e+02
9.754482406412882938e+02
9.757305586731845324e+02
9.760128184138262668e+02
9.762950198571008968e+02
9.765771629968960497e+02
9.768592478270984429e+02
9.771412743415955902e+02
9.774232425342748911e+02
9.777051523990237456e+02
9.779870039297292124e+02
9.782687971202789186e+02
9.785505319645598092e+02
9.788322084564595116e+02
9.791138265898651980e+02
9.793953863586642683e+02
9.796768877567438949e+02
9.799583307779915913e+02
9.802397154162944162e+02
9.805210416655398831e+02
9.808023095196152781e+02
9.810835189724077736e+02
9.813646700178048832e+02
9.816457626496936655e+02
9.819267968619617477e+02
9.822077726484963023e+02
9.824886900031845016e+02
9.827695489199138592e+02
9.830503493925714338e+02
9.833310914150449662e+02
9.836117749812214015e+02
9.838924000849881395e+02
9.841729667202324663e+02
9.844534748808418954e+02
9.847339245607034854e+02
9.850143157537047500e+02
9.852946484537328615e+02
9.855749226546752197e+02
9.858551383504189971e+02
9.861352955348519345e+02
9.864153942018607495e+02
9.866954343453329557e+02
9.869754159591559528e+02
9.872553390372171407e+02
9.875352035734035780e+02
9.878150095616028921e+02
9.880947569957021415e+02
9.883744458695887261e+02
9.886540761771499319e+02
9.889336479122731589e+02
9.892131610688458068e+02
9.894926156407548206e+02
9.897720116218878275e+02
9.900513490061319999e+02
9.903306277873746239e+02
9.906098479595030994e+02
9.908890095164049399e+02
9.911681124519668629e+02
9.914471567600768367e+02
9.917261424346218064e+02
9.920050694694892854e+02
9.922839378585663326e+02
9.925627475957404613e+02
9.928414986748989577e+02
9.931201910899291079e+02
9.933988248347181980e+02
9.936773999031536277e+02
9.939559162891224560e+02
9.942343739865123098e+02
9.945127729892104753e+02
9.947911132911040113e+02
9.950693948860804312e+02
9.953476177680271348e+02
9.956257819308311809e+02
9.959038873683799693e+02
9.961819340745610134e+02
9.964599220432612583e+02
9.967378512683683311e+02
9.970157217437695181e+02
9.972935334633518778e+02
9.975712864210030375e+02
9.978489806106101696e+02
9.981266160260604465e+02
9.984041926612413818e+02
9.986817105100403751e+02
9.989591695663444852e+02
9.992365698240411120e+02
9.995139112770176553e+02
9.997911939191611737e+02
1.000068417744359294e+03
1.000345582746499076e+03
1.000622688919468146e+03
1.000899736257153450e+03
1.001176724753442613e+03
1.001453654402222810e+03
1.001730525197381212e+03
1.002007337132805560e+03
1.002284090202382686e+03
1.002560784400000102e+03
1.002837419719545096e+03
1.003113996154905067e+03
1.003390513699967187e+03
1.003666972348618856e+03
1.003943372094747360e+03
1.004219712932240100e+03
1.004495994854984247e+03
1.004772217856867314e+03
1.005048381931776362e+03
1.005324487073598789e+03
1.005600533276221995e+03
1.005876520533533267e+03
1.006152448839419890e+03
1.006428318187769150e+03
1.006704128572468449e+03
1.006979879987404956e+03
1.007255572426466074e+03
1.007531205883539201e+03
1.007806780352511510e+03
1.008082295827270400e+03
1.008357752301703044e+03
1.008633149769696843e+03
1.008908488225139195e+03
1.009183767661917386e+03
1.009458988073918704e+03
1.009734149455030206e+03
1.010009251799139747e+03
1.010284295100134159e+03
1.010559279351900841e+03
1.010834204548327421e+03
1.011109070683300843e+03
1.011383877750708848e+03
1.011658625744438268e+03
1.011933314658376503e+03
1.012207944486410952e+03
1.012482515222429129e+03
1.012757026860318092e+03
1.013031479393965128e+03
1.013305872817257750e+03
1.013580207124083245e+03
1.013854482308328670e+03
1.014128698363881540e+03
1.014402855284629482e+03
1.014676953064459212e+03
1.014950991697258246e+03
1.015224971176914096e+03
1.015498891497313821e+03
