0.000000000000000000e+00
2.015151515151515138e+00
4.030303030303030276e+00
6.045454545454545858e+00
8.060606060606060552e+00
1.007575757575757436e+01
1.209090909090909172e+01
1.410606060606060375e+01
1.612121212121212110e+01
1.813636363636363669e+01
2.015151515151514872e+01
2.216666666666666785e+01
2.418181818181818343e+01
2.619696969696969902e+01
2.821212121212120749e+01
3.022727272727272307e+01
3.224242424242424221e+01
3.425757575757575779e+01
3.627272727272727337e+01
3.828787878787878896e+01
4.030303030303029743e+01
4.231818181818182012e+01
4.433333333333333570e+01
4.634848484848484418e+01
4.836363636363636687e+01
5.037878787878787534e+01
5.239393939393939803e+01
5.440909090909089940e+01
5.642424242424241498e+01
5.843939393939393767e+01
6.045454545454544615e+01
6.246969696969696884e+01
6.448484848484848442e+01
6.650000000000000000e+01
6.851515151515151558e+01
7.053030303030303116e+01
7.254545454545454675e+01
7.456060606060606233e+01
7.657575757575757791e+01
7.859090909090907928e+01
8.060606060606059486e+01
8.262121212121212466e+01
8.463636363636364024e+01
8.665151515151514161e+01
8.866666666666667140e+01
9.068181818181818699e+01
9.269696969696968836e+01
9.471212121212121815e+01
9.672727272727273373e+01
9.874242424242423510e+01
1.007575757575757507e+02
1.027727272727272663e+02
1.047878787878787961e+02
1.068030303030303116e+02
1.088181818181817988e+02
1.108333333333333286e+02
1.128484848484848300e+02
1.148636363636363455e+02
1.168787878787878753e+02
1.188939393939393909e+02
1.209090909090908923e+02
1.229242424242424221e+02
1.249393939393939377e+02
1.269545454545454533e+02
1.289696969696969688e+02
1.309848484848484702e+02
1.330000000000000000e+02
1.350151515151515014e+02
1.370303030303030312e+02
1.390454545454545610e+02
1.410606060606060623e+02
1.430757575757575921e+02
1.450909090909090935e+02
1.471060606060605949e+02
1.491212121212121247e+02
1.511363636363636260e+02
1.531515151515151558e+02
1.551666666666666572e+02
1.571818181818181586e+02
1.591969696969696884e+02
1.612121212121211897e+02
1.632272727272727195e+02
1.652424242424242493e+02
1.672575757575757507e+02
1.692727272727272805e+02
1.712878787878787818e+02
1.733030303030302832e+02
1.753181818181818130e+02
1.773333333333333428e+02
1.793484848484848442e+02
1.813636363636363740e+02
1.833787878787879038e+02
1.853939393939393767e+02
1.874090909090909065e+02
1.894242424242424363e+02
1.914393939393939377e+02
1.934545454545454675e+02
1.954696969696969688e+02
1.974848484848484702e+02
1.994999999999999716e+02
2.015151515151515014e+02
2.035303030303030027e+02
2.055454545454545325e+02
2.075606060606060623e+02
2.095757575757575921e+02
2.115909090909090935e+02
2.136060606060606233e+02
2.156212121212120962e+02
2.176363636363635976e+02
2.196515151515151274e+02
2.216666666666666572e+02
2.236818181818181586e+02
2.256969696969696599e+02
2.277121212121211897e+02
2.297272727272726911e+02
2.317424242424242209e+02
2.337575757575757507e+02
2.357727272727272521e+02
2.377878787878787818e+02
2.398030303030302832e+02
2.418181818181817846e+02
2.438333333333333144e+02
2.458484848484848442e+02
2.478636363636363455e+02
2.498787878787878753e+02
2.518939393939394051e+02
2.539090909090909065e+02
2.559242424242424363e+02
2.579393939393939377e+02
2.599545454545454390e+02
2.619696969696969404e+02
2.639848484848484986e+02
2.660000000000000000e+02
